0
0.0245338
0.0490085
0.073365
0.097545
0.12149
0.145142
0.168445
0.191342
0.213777
0.235699
0.257051
0.277785
0.29785
0.317196
0.335779
0.353554
0.370476
0.386505
0.401604
0.415735
0.428865
0.44096
0.451995
0.46194
0.470772
0.47847
0.485016
0.490393
0.494588
0.497593
0.499397
0.5
0.499397
0.497593
0.494588
0.490393
0.485016
0.47847
0.470772
0.46194
0.451995
0.44096
0.428865
0.415735
0.401604
0.386505
0.370476
0.353554
0.335779
0.317196
0.29785
0.277785
0.257051
0.235699
0.213777
0.191342
0.168445
0.145142
0.12149
0.097545
0.073365
0.0490085
0.0245338
6.12325e-17
-0.0245338
-0.0490085
-0.073365
-0.097545
-0.12149
-0.145142
-0.168445
-0.191342
-0.213777
-0.235699
-0.257051
-0.277785
-0.29785
-0.317196
-0.335779
-0.353554
-0.370476
-0.386505
-0.401604
-0.415735
-0.428865
-0.44096
-0.451995
-0.46194
-0.470772
-0.47847
-0.485016
-0.490393
-0.494588
-0.497593
-0.499397
-0.5
-0.499397
-0.497593
-0.494588
-0.490393
-0.485016
-0.47847
-0.470772
-0.46194
-0.451995
-0.44096
-0.428865
-0.415735
-0.401604
-0.386505
-0.370476
-0.353554
-0.335779
-0.317196
-0.29785
-0.277785
-0.257051
-0.235699
-0.213777
-0.191342
-0.168445
-0.145142
-0.12149
-0.097545
-0.073365
-0.0490085
-0.0245338
0
0.0245338
0.0490085
0.073365
0.097545
0.12149
0.145142
0.168445
0.191342
0.213777
0.235699
0.257051
0.277785
0.29785
0.317196
0.335779
0.353554
0.370476
0.386505
0.401604
0.415735
0.428865
0.44096
0.451995
0.46194
0.470772
0.47847
0.485016
0.490393
0.494588
0.497593
0.499397
0.5
0.499397
0.497593
0.494588
0.490393
0.485016
0.47847
0.470772
0.46194
0.451995
0.44096
0.428865
0.415735
0.401604
0.386505
0.370476
0.353554
0.335779
0.317196
0.29785
0.277785
0.257051
0.235699
0.213777
0.191342
0.168445
0.145142
0.12149
0.097545
0.073365
0.0490085
0.0245338
6.12325e-17
-0.0245338
-0.0490085
-0.073365
-0.097545
-0.12149
-0.145142
-0.168445
-0.191342
-0.213777
-0.235699
-0.257051
-0.277785
-0.29785
-0.317196
-0.335779
-0.353554
-0.370476
-0.386505
-0.401604
-0.415735
-0.428865
-0.44096
-0.451995
-0.46194
-0.470772
-0.47847
-0.485016
-0.490393
-0.494588
-0.497593
-0.499397
-0.5
-0.499397
-0.497593
-0.494588
-0.490393
-0.485016
-0.47847
-0.470772
-0.46194
-0.451995
-0.44096
-0.428865
-0.415735
-0.401604
-0.386505
-0.370476
-0.353554
-0.335779
-0.317196
-0.29785
-0.277785
-0.257051
-0.235699
-0.213777
-0.191342
-0.168445
-0.145142
-0.12149
-0.097545
-0.073365
-0.0490085
-0.0245338
0
0.0245338
0.0490085
0.073365
0.097545
0.12149
0.145142
0.168445
0.191342
0.213777
0.235699
0.257051
0.277785
0.29785
0.317196
0.335779
0.353554
0.370476
0.386505
0.401604
0.415735
0.428865
0.44096
0.451995
0.46194
0.470772
0.47847
0.485016
0.490393
0.494588
0.497593
0.499397
0.5
0.499397
0.497593
0.494588
0.490393
0.485016
0.47847
0.470772
0.46194
0.451995
0.44096
0.428865
0.415735
0.401604
0.386505
0.370476
0.353554
0.335779
0.317196
0.29785
0.277785
0.257051
0.235699
0.213777
0.191342
0.168445
0.145142
0.12149
0.097545
0.073365
0.0490085
0.0245338
6.12325e-17
-0.0245338
-0.0490085
-0.073365
-0.097545
-0.12149
-0.145142
-0.168445
-0.191342
-0.213777
-0.235699
-0.257051
-0.277785
-0.29785
-0.317196
-0.335779
-0.353554
-0.370476
-0.386505
-0.401604
-0.415735
-0.428865
-0.44096
-0.451995
-0.46194
-0.470772
-0.47847
-0.485016
-0.490393
-0.494588
-0.497593
-0.499397
-0.5
-0.499397
-0.497593
-0.494588
-0.490393
-0.485016
-0.47847
-0.470772
-0.46194
-0.451995
-0.44096
-0.428865
-0.415735
-0.401604
-0.386505
-0.370476
-0.353554
-0.335779
-0.317196
-0.29785
-0.277785
-0.257051
-0.235699
-0.213777
-0.191342
-0.168445
-0.145142
-0.12149
-0.097545
-0.073365
-0.0490085
-0.0245338
0
0.0245338
0.0490085
0.073365
0.097545
0.12149
0.145142
0.168445
0.191342
0.213777
0.235699
0.257051
0.277785
0.29785
0.317196
0.335779
0.353554
0.370476
0.386505
0.401604
0.415735
0.428865
0.44096
0.451995
0.46194
0.470772
0.47847
0.485016
0.490393
0.494588
0.497593
0.499397
0.5
0.499397
0.497593
0.494588
0.490393
0.485016
0.47847
0.470772
0.46194
0.451995
0.44096
0.428865
0.415735
0.401604
0.386505
0.370476
0.353554
0.335779
0.317196
0.29785
0.277785
0.257051
0.235699
0.213777
0.191342
0.168445
0.145142
0.12149
0.097545
0.073365
0.0490085
0.0245338
6.12325e-17
-0.0245338
-0.0490085
-0.073365
-0.097545
-0.12149
-0.145142
-0.168445
-0.191342
-0.213777
-0.235699
-0.257051
-0.277785
-0.29785
-0.317196
-0.335779
-0.353554
-0.370476
-0.386505
-0.401604
-0.415735
-0.428865
-0.44096
-0.451995
-0.46194
-0.470772
-0.47847
-0.485016
-0.490393
-0.494588
-0.497593
-0.499397
-0.5
-0.499397
-0.497593
-0.494588
-0.490393
-0.485016
-0.47847
-0.470772
-0.46194
-0.451995
-0.44096
-0.428865
-0.415735
-0.401604
-0.386505
-0.370476
-0.353554
-0.335779
-0.317196
-0.29785
-0.277785
-0.257051
-0.235699
-0.213777
-0.191342
-0.168445
-0.145142
-0.12149
-0.097545
-0.073365
-0.0490085
-0.0245338
0
0.0245338
0.0490085
0.073365
0.097545
0.12149
0.145142
0.168445
0.191342
0.213777
0.235699
0.257051
0.277785
0.29785
0.317196
0.335779
0.353554
0.370476
0.386505
0.401604
0.415735
0.428865
0.44096
0.451995
0.46194
0.470772
0.47847
0.485016
0.490393
0.494588
0.497593
0.499397
0.5
0.499397
0.497593
0.494588
0.490393
0.485016
0.47847
0.470772
0.46194
0.451995
0.44096
0.428865
0.415735
0.401604
0.386505
0.370476
0.353554
0.335779
0.317196
0.29785
0.277785
0.257051
0.235699
0.213777
0.191342
0.168445
0.145142
0.12149
0.097545
0.073365
0.0490085
0.0245338
6.12325e-17
-0.0245338
-0.0490085
-0.073365
-0.097545
-0.12149
-0.145142
-0.168445
-0.191342
-0.213777
-0.235699
-0.257051
-0.277785
-0.29785
-0.317196
-0.335779
-0.353554
-0.370476
-0.386505
-0.401604
-0.415735
-0.428865
-0.44096
-0.451995
-0.46194
-0.470772
-0.47847
-0.485016
-0.490393
-0.494588
-0.497593
-0.499397
-0.5
-0.499397
-0.497593
-0.494588
-0.490393
-0.485016
-0.47847
-0.470772
-0.46194
-0.451995
-0.44096
-0.428865
-0.415735
-0.401604
-0.386505
-0.370476
-0.353554
-0.335779
-0.317196
-0.29785
-0.277785
-0.257051
-0.235699
-0.213777
-0.191342
-0.168445
-0.145142
-0.12149
-0.097545
-0.073365
-0.0490085
-0.0245338
0
0.0245338
0.0490085
0.073365
0.097545
0.12149
0.145142
0.168445
0.191342
0.213777
0.235699
0.257051
0.277785
0.29785
0.317196
0.335779
0.353554
0.370476
0.386505
0.401604
0.415735
0.428865
0.44096
0.451995
0.46194
0.470772
0.47847
0.485016
0.490393
0.494588
0.497593
0.499397
0.5
0.499397
0.497593
0.494588
0.490393
0.485016
0.47847
0.470772
0.46194
0.451995
0.44096
0.428865
0.415735
0.401604
0.386505
0.370476
0.353554
0.335779
0.317196
0.29785
0.277785
0.257051
0.235699
0.213777
0.191342
0.168445
0.145142
0.12149
0.097545
0.073365
0.0490085
0.0245338
6.12325e-17
-0.0245338
-0.0490085
-0.073365
-0.097545
-0.12149
-0.145142
-0.168445
-0.191342
-0.213777
-0.235699
-0.257051
-0.277785
-0.29785
-0.317196
-0.335779
-0.353554
-0.370476
-0.386505
-0.401604
-0.415735
-0.428865
-0.44096
-0.451995
-0.46194
-0.470772
-0.47847
-0.485016
-0.490393
-0.494588
-0.497593
-0.499397
-0.5
-0.499397
-0.497593
-0.494588
-0.490393
-0.485016
-0.47847
-0.470772
-0.46194
-0.451995
-0.44096
-0.428865
-0.415735
-0.401604
-0.386505
-0.370476
-0.353554
-0.335779
-0.317196
-0.29785
-0.277785
-0.257051
-0.235699
-0.213777
-0.191342
-0.168445
-0.145142
-0.12149
-0.097545
-0.073365
-0.0490085
-0.0245338
0
0.0245338
0.0490085
0.073365
0.097545
0.12149
0.145142
0.168445
0.191342
0.213777
0.235699
0.257051
0.277785
0.29785
0.317196
0.335779
0.353554
0.370476
0.386505
0.401604
0.415735
0.428865
0.44096
0.451995
0.46194
0.470772
0.47847
0.485016
0.490393
0.494588
0.497593
0.499397
0.5
0.499397
0.497593
0.494588
0.490393
0.485016
0.47847
0.470772
0.46194
0.451995
0.44096
0.428865
0.415735
0.401604
0.386505
0.370476
0.353554
0.335779
0.317196
0.29785
0.277785
0.257051
0.235699
0.213777
0.191342
0.168445
0.145142
0.12149
0.097545
0.073365
0.0490085
0.0245338
6.12325e-17
-0.0245338
-0.0490085
-0.073365
-0.097545
-0.12149
-0.145142
-0.168445
-0.191342
-0.213777
-0.235699
-0.257051
-0.277785
-0.29785
-0.317196
-0.335779
-0.353554
-0.370476
-0.386505
-0.401604
-0.415735
-0.428865
-0.44096
-0.451995
-0.46194
-0.470772
-0.47847
-0.485016
-0.490393
-0.494588
-0.497593
-0.499397
-0.5
-0.499397
-0.497593
-0.494588
-0.490393
-0.485016
-0.47847
-0.470772
-0.46194
-0.451995
-0.44096
-0.428865
-0.415735
-0.401604
-0.386505
-0.370476
-0.353554
-0.335779
-0.317196
-0.29785
-0.277785
-0.257051
-0.235699
-0.213777
-0.191342
-0.168445
-0.145142
-0.12149
-0.097545
-0.073365
-0.0490085
-0.0245338
0
0.0245338
0.0490085
0.073365
0.097545
0.12149
0.145142
0.168445
0.191342
0.213777
0.235699
0.257051
0.277785
0.29785
0.317196
0.335779
0.353554
0.370476
0.386505
0.401604
0.415735
0.428865
0.44096
0.451995
0.46194
0.470772
0.47847
0.485016
0.490393
0.494588
0.497593
0.499397
0.5
0.499397
0.497593
0.494588
0.490393
0.485016
0.47847
0.470772
0.46194
0.451995
0.44096
0.428865
0.415735
0.401604
0.386505
0.370476
0.353554
0.335779
0.317196
0.29785
0.277785
0.257051
0.235699
0.213777
0.191342
0.168445
0.145142
0.12149
0.097545
0.073365
0.0490085
0.0245338
6.12325e-17
-0.0245338
-0.0490085
-0.073365
-0.097545
-0.12149
-0.145142
-0.168445
-0.191342
-0.213777
-0.235699
-0.257051
-0.277785
-0.29785
-0.317196
-0.335779
-0.353554
-0.370476
-0.386505
-0.401604
-0.415735
-0.428865
-0.44096
-0.451995
-0.46194
-0.470772
-0.47847
-0.485016
-0.490393
-0.494588
-0.497593
-0.499397
-0.5
-0.499397
-0.497593
-0.494588
-0.490393
-0.485016
-0.47847
-0.470772
-0.46194
-0.451995
-0.44096
-0.428865
-0.415735
-0.401604
-0.386505
-0.370476
-0.353554
-0.335779
-0.317196
-0.29785
-0.277785
-0.257051
-0.235699
-0.213777
-0.191342
-0.168445
-0.145142
-0.12149
-0.097545
-0.073365
-0.0490085
-0.0245338
