0.680375
-0.211234
0.566198
0.59688
0.823295
-0.604897
-0.329554
0.536459
-0.444451
0.10794
-0.0452059
0.257742
-0.270431
0.0268018
0.904459
0.83239
0.271423
0.434594
-0.716795
0.213938
-0.967399
-0.514226
-0.725537
0.608353
-0.686642
-0.198111
-0.740419
-0.782382
0.997849
-0.563486
0.0258648
0.678224
0.22528
-0.407937
0.275105
0.0485743
-0.012834
0.94555
-0.414966
0.542715
0.0534899
0.539828
-0.199543
0.783059
-0.433371
-0.295083
0.615449
0.838053
-0.860489
0.898654
0.0519907
-0.827888
-0.615572
0.326454
0.780465
-0.302214
-0.871657
-0.959954
-0.0845965
-0.873808
-0.52344
0.941268
0.804416
0.70184
-0.466668
0.0795207
-0.249586
0.520497
0.0250708
0.335448
0.0632129
-0.921439
-0.124725
0.86367
0.86162
0.441905
-0.431413
0.477069
0.279958
-0.291903
0.375723
-0.668052
-0.119791
0.76015
0.658402
-0.339326
-0.542064
0.786745
-0.29928
0.37334
0.912936
0.17728
0.314608
0.717353
-0.12088
0.84794
-0.203127
0.629534
0.368437
0.821944
-0.0350187
-0.56835
0.900505
0.840256
-0.70468
0.762124
0.282161
-0.136093
0.239193
-0.437881
0.572004
-0.385084
-0.105933
-0.547787
-0.624934
-0.447531
0.112888
-0.166997
-0.660786
0.813608
-0.793658
-0.747849
-0.00911188
0.52095
0.969503
0.870008
0.36889
-0.233623
0.499542
-0.262673
-0.411679
-0.535477
0.168977
-0.511175
-0.69522
0.464297
-0.74905
0.586941
-0.671796
0.490143
-0.85094
0.900208
-0.894941
0.0431267
-0.647579
-0.519875
0.595596
0.465309
0.313127
0.93481
0.278917
0.51947
-0.813039
-0.730195
0.0404202
-0.843536
-0.860187
-0.59069
-0.077159
0.639355
0.146637
0.511162
-0.896122
-0.684386
0.999987
-0.591343
0.779911
-0.749063
0.995598
-0.891885
0.74108
-0.855342
-0.991677
0.846138
0.187784
-0.639255
-0.673737
-0.21662
0.826053
0.63939
-0.281809
0.10497
0.15886
-0.0948483
0.374775
-0.80072
0.0616159
0.514588
-0.39141
0.984457
0.153942
0.755228
0.495619
0.25782
-0.929158
0.495606
0.666477
0.850753
0.746543
0.662075
0.958868
0.487622
0.806733
0.967191
0.333761
-0.00548297
-0.672064
0.660024
0.777897
-0.846011
0.299414
-0.503912
0.258959
-0.541726
0.40124
-0.366266
-0.342446
-0.537144
-0.851678
0.266144
-0.552687
0.302264
0.021372
0.942931
-0.439916
0.0922137
0.438537
-0.773439
-0.0570331
0.18508
0.888636
-0.0981649
-0.327298
0.695369
-0.130973
-0.993537
-0.310114
0.196963
0.666487
-0.532217
0.350952
-0.0340995
-0.0361283
-0.390089
0.424175
-0.634888
0.243646
-0.918271
-0.172033
0.391968
0.347873
0.27528
-0.305768
-0.630755
0.218212
0.254316
0.461459
-0.343251
0.480877
-0.595574
0.841829
0.369513
0.306261
-0.485469
0.0648819
-0.824713
-0.479006
0.754768
0.37225
-0.81252
-0.777449
-0.276798
0.153381
0.186423
0.333113
-0.422444
0.551535
-0.423241
-0.340716
-0.620498
0.968726
-0.992843
0.654782
-0.337042
-0.623598
-0.127006
0.917274
0.837861
0.529743
0.398151
-0.757714
0.371572
-0.232336
0.548547
0.886103
0.832546
0.723834
-0.592904
0.587314
0.0960841
-0.405423
0.809865
0.819286
0.747958
-0.00371218
0.152399
-0.674487
-0.452178
0.729158
-0.0152023
-0.0726757
0.697884
-0.0080452
-0.417893
-0.639158
0.368357
0.455101
-0.721884
0.206218
-0.0151566
0.676267
0.448504
-0.643585
-0.556069
-0.00294906
-0.757482
-0.723523
-0.279115
-0.350386
0.863791
0.816969
0.244191
0.673656
0.636255
-0.00785118
-0.330057
-0.211346
0.317662
0.217766
-0.482188
-0.69754
-0.85491
-0.784303
0.294415
-0.272803
-0.423461
-0.337228
-0.817703
-0.145345
0.868989
0.167141
-0.469077
0.317493
0.523556
-0.0251462
-0.685456
0.766073
0.251331
0.0354295
-0.584313
0.115121
-0.147601
0.659878
-0.211223
-0.511346
-0.347973
0.45872
0.277308
0.969689
-0.323514
0.79512
-0.727851
-0.178424
-0.989183
0.566564
0.548772
-0.412644
-0.770664
0.73107
0.442012
-0.901675
-0.10179
0.972934
0.415818
-0.578234
-0.0522121
0.730362
-0.812161
-0.800881
-0.234208
-0.396474
0.31424
0.618191
-0.736596
-0.896983
-0.893155
-0.0845688
0.561737
0.384153
-0.11488
-0.761777
0.179273
0.15727
0.0597985
0.190091
-0.276166
-0.391429
0.777447
-0.0468307
-0.66036
0.219458
0.0514942
0.237851
0.192392
-0.532688
0.659617
-0.85982
-0.802325
0.847456
-0.660701
-0.0365333
-0.549018
0.653539
-0.418343
-0.285614
0.756555
-0.311498
0.629817
0.318292
-0.927345
-0.485062
0.556515
0.251928
0.672207
-0.383687
-0.557981
-0.603959
0.224884
-0.780535
0.349211
0.564525
0.438924
-0.599295
-0.197625
-0.368684
-0.131983
-0.538008
-0.228504
0.0656919
-0.690552
0.110795
-0.970841
-0.239571
-0.235666
-0.389184
0.474815
-0.47911
0.299318
0.104633
0.839182
0.371973
0.619571
0.395696
-0.376099
0.291778
-0.98799
0.0659196
0.687819
0.236894
0.285385
0.0370297
-0.198582
-0.275691
0.437734
0.603793
0.355625
-0.694248
-0.934215
-0.872879
0.371444
-0.624767
0.237917
0.400602
0.135662
-0.997749
-0.988582
-0.389522
-0.476859
0.310736
0.71511
-0.637678
-0.317291
0.334681
0.758019
0.30661
-0.373541
0.770028
-0.62747
-0.685722
0.00692201
0.657915
0.351308
0.80834
-0.617777
-0.210957
0.412133
0.737848
0.0947942
0.477919
0.864969
-0.533762
0.853152
0.102886
0.86684
-0.0111862
0.105137
0.878258
0.599291
0.628277
0.188995
0.314402
0.9906
0.871704
-0.350917
0.748619
0.178313
0.275542
0.518647
0.550843
0.58982
-0.474431
0.208758
-0.0588716
-0.666091
0.590981
0.730171
0.746043
0.328829
-0.175035
0.223961
0.193798
0.291203
0.077113
-0.703316
0.158043
-0.934073
0.401821
0.0363014
0.665218
0.0300982
-0.774704
-0.02038
0.0206981
-0.903001
0.628703
-0.230683
0.275313
-0.0957552
-0.712036
-0.173844
-0.505935
-0.186467
-0.965087
0.435194
0.147442
0.625894
0.165365
-0.106515
-0.0452772
0.99033
-0.882554
-0.851479
0.281533
0.19456
-0.554795
-0.560424
0.260486
0.847025
0.475877
-0.0742955
-0.122876
0.701173
0.905324
0.897822
0.798172
0.534027
-0.332862
0.073485
-0.561728
-0.0448976
0.899641
-0.0676628
0.768636
0.934554
-0.632469
-0.083922
0.560448
0.532895
0.809563
-0.484829
0.523225
0.927009
-0.336308
-0.195242
0.121569
0.108896
0.244333
-0.617945
-0.0440782
-0.27979
0.30776
0.833045
-0.578617
0.213084
0.730867
-0.780445
-0.252888
-0.601995
0.29304
0.185384
0.353108
0.192681
-0.882279
0.121744
0.127235
-0.514748
-0.962178
-0.312317
-0.981853
0.847385
0.202853
0.541372
0.774394
0.866545
-0.653871
-0.104037
-0.0245586
0.590463
0.278018
0.931363
-0.689327
-0.414222
0.764408
-0.267944
0.798863
0.495275
-0.0483887
-0.454026
0.893281
-0.755348
0.731358
0.246389
0.437333
0.849079
-0.631868
-0.435432
-0.665669
-0.594046
0.25225
-0.647522
-0.746662
-0.544896
0.893849
-0.972268
-0.678351
-0.760021
-0.0763044
0.29709
0.830441
-0.798286
0.228453
-0.858886
-0.212508
-0.00713807
-0.12683
-0.413645
-0.511863
0.824781
0.132329
-0.618582
-0.930567
-0.136313
0.627807
0.506765
-0.287234
0.99594
-0.928667
0.0470967
-0.598106
0.323583
0.399574
-0.344768
0.778687
0.293424
-0.317035
-0.899664
0.533402
0.60666
0.397426
0.363843
0.808374
-0.374121
0.504957
-0.404134
0.618741
-0.621873
0.182221
-0.893121
-0.797092
-0.68545
-0.511703
-0.727659
0.178237
-0.883895
0.779106
0.891003
-0.887956
0.850439
-0.0619
-0.486062
0.174022
-0.662326
0.16917
-0.0472907
0.631098
0.852135
0.0530452
0.1645
0.458795
-0.549529
-0.471656
0.26717
0.0763506
-0.966699
0.863036
-0.304908
-0.588572
0.0452573
-0.198029
-0.385663
0.359807
0.290268
-0.113322
-0.461955
0.406373
-0.334216
-0.570952
0.518417
-0.483777
0.367148
-0.967645
0.690246
0.704822
0.201525
-0.357045
0.33592
0.0536604
0.696
-0.499579
-0.487544
-0.853529
0.0287644
0.779625
0.222822
0.0620655
0.642662
0.917914
0.473494
-0.312081
-0.280116
-0.912169
-0.952274
-0.989848
-0.0254917
-0.414229
0.416525
0.640292
0.0148191
-0.0650582
-0.843484
-0.618033
-0.0327033
0.846761
-0.913211
-0.831178
-0.510283
0.42271
0.222482
-0.814283
0.92313
0.734938
-0.667812
-0.0481053
0.514564
0.55501
-0.98604
0.157225
0.472924
0.487454
0.845144
-0.807192
0.575285
0.89287
-0.797039
-0.450207
-0.521358
0.619485
-0.809914
0.493461
-0.445573
-0.653399
0.875428
0.521724
-0.806637
0.962217
0.690546
-0.316921
0.384927
-0.0869716
-0.131204
0.308057
-0.352033
0.200984
-0.740048
-0.83747
-0.244006
-0.726088
0.319755
-0.771082
0.761366
0.164899
-0.578274
0.336651
0.0577697
-0.375313
0.886444
0.536411
-0.755827
-0.92347
0.0298719
-0.2014
-0.576869
-0.0947003
-0.679676
-0.383506
-0.132483
-0.98913
0.299573
-0.747556
-0.0761018
-0.831631
0.560501
0.571865
0.369354
0.820453
0.734395
-0.874652
-0.905635
0.0541499
-0.645734
0.855732
-0.780951
-0.224008
0.192383
0.276819
0.400679
0.0788268
-0.18677
0.644852
0.155357
0.843102
-0.556548
0.578487
-0.251598
-0.236225
-0.805019
0.615919
-0.225355
0.494554
0.868362
0.698543
0.662924
0.428863
0.270408
0.0322771
0.249316
0.00480258
0.157625
0.343682
-0.941048
0.511891
0.199413
-0.721998
-0.712117
-0.608204
0.554821
0.688563
0.470623
-0.631949
0.333414
-0.374021
-0.788847
0.776866
-0.795533
-0.0404457
-0.459359
-0.600552
-0.424527
0.315286
0.894002
-0.556165
0.0138294
0.556925
0.872698
-0.715763
-0.410797
0.122015
0.28904
0.746828
-0.534304
0.347992
0.258719
0.665109
0.625994
0.546602
-0.943095
0.180814
0.235164
0.527528
0.548865
-0.431421
-0.846493
0.760017
-0.654556
-0.642027
-0.280428
-0.113915
-0.242579
0.295045
-0.798629
-0.348577
0.73888
0.215201
-0.791652
0.611578
0.499438
-0.202449
-0.266407
-0.211523
-0.455621
0.199289
-0.86353
0.803097
-0.135602
0.762463
0.349699
-0.0786967
-0.0567224
-0.415137
-0.551169
-0.507858
0.153442
-0.397662
-0.74784
0.498886
-0.039689
-0.0282685
-0.615028
0.717732
-0.733224
-0.413657
-0.630845
-0.994344
0.801544
-0.422497
0.617234
0.300981
0.375054
-0.649174
-0.910541
0.919433
0.550115
-0.774071
0.72253
-0.585487
0.988392
0.0722291
0.335817
-0.0683305
0.657093
0.784648
0.423812
-0.189465
-0.613015
0.675972
-0.690579
0.347296
-0.352297
-0.305607
0.0650283
-0.0855207
0.280736
0.434183
-0.0798651
0.0822792
-0.988314
-0.462632
-0.616739
0.386741
-0.111805
-0.52728
0.306173
-0.56169
-0.301352
0.0287033
-0.147177
-0.31296
-0.899067
-0.81136
0.61871
0.758025
0.973287
0.0425216
-0.43144
