0
0.024855
0.0502914
0.0762453
0.10265
0.129436
0.15653
0.183858
0.211342
0.238904
0.266463
0.293936
0.32124
0.34829
0.375001
0.401287
0.427061
0.452239
0.476733
0.50046
0.523335
0.545276
0.5662
0.58603
0.604687
0.622097
0.638187
0.652888
0.666133
0.677862
0.688013
0.696532
0.703368
0.708475
0.711812
0.713339
0.713026
0.710846
0.706776
0.700801
0.69291
0.683096
0.671362
0.657713
0.64216
0.624723
0.605424
0.584294
0.561367
0.536685
0.510293
0.482246
0.452601
0.42142
0.388772
0.354731
0.319374
0.282786
0.245052
0.206265
0.16652
0.125916
0.0845581
0.0425496
1.06737e-16
-0.0429794
-0.0862749
-0.129771
-0.173352
-0.216898
-0.260292
-0.303412
-0.34614
-0.388357
-0.429944
-0.470782
-0.510755
-0.549749
-0.587651
-0.62435
-0.65974
-0.693714
-0.726172
-0.757018
-0.786157
-0.813501
-0.838965
-0.86247
-0.883943
-0.903313
-0.920519
-0.935503
-0.948213
-0.958607
-0.966644
-0.972292
-0.975528
-0.976332
-0.974694
-0.970608
-0.964075
-0.955108
-0.94372
-0.929936
-0.913786
-0.895304
-0.874537
-0.851535
-0.826352
-0.799052
-0.769703
-0.738383
-0.70517
-0.67015
-0.633415
-0.595061
-0.555189
-0.513905
-0.471316
-0.427537
-0.382683
-0.336876
-0.290235
-0.242886
-0.194956
-0.146573
-0.097866
-0.0489648
0
0.0488976
0.0975978
0.145971
0.193889
0.241225
0.287855
0.333653
0.378502
0.422284
0.464885
0.506194
0.546105
0.584516
0.621331
0.656455
0.689803
0.72129
0.75084
0.778385
0.803857
0.827198
0.848354
0.867283
0.883943
0.8983
0.910329
0.920012
0.927335
0.932293
0.934885
0.935119
0.933012
0.928582
0.921859
0.912875
0.90167
0.888291
0.872789
0.855224
0.835657
0.814156
0.790798
0.765659
0.738822
0.710374
0.680405
0.649014
0.616295
0.58235
0.547283
0.5112
0.474209
0.43642
0.397943
0.35889
0.319374
0.279509
0.239405
0.199175
0.158932
0.118785
0.0788431
0.0392131
9.72241e-17
-0.0386935
-0.0767673
-0.114124
-0.150672
-0.186319
-0.220979
-0.25457
-0.287012
-0.318234
-0.348164
-0.376739
-0.403897
-0.429585
-0.453754
-0.476357
-0.497357
-0.516719
-0.534415
-0.550422
-0.564722
-0.577303
-0.588157
-0.597284
-0.604688
-0.610376
-0.614364
-0.616669
-0.617317
-0.616334
-0.613754
-0.609615
-0.603957
-0.596826
-0.588273
-0.578348
-0.567108
-0.554613
-0.540924
-0.526107
-0.510227
-0.493354
-0.475559
-0.456915
-0.437494
-0.417372
-0.396624
-0.375326
-0.353555
-0.331386
-0.308895
-0.286157
-0.263248
-0.240241
-0.217207
-0.194217
-0.171342
-0.148647
-0.126198
-0.104058
-0.0822861
-0.060941
-0.0400777
-0.0197477
0
0.0191194
0.037568
0.0553063
0.072299
0.0885133
0.103921
0.118495
0.132215
0.145062
0.157022
0.168083
0.178237
0.187481
0.195812
0.203235
0.209752
0.215374
0.220113
0.223981
0.226998
0.229182
0.230555
0.231143
0.230973
0.230072
0.228473
0.226207
0.223309
0.219813
0.215756
0.211176
0.20611
0.200599
0.19468
0.188395
0.181781
0.174881
0.167731
0.160373
0.152845
0.145183
0.137426
0.12961
0.121768
0.113937
0.106146
0.0984292
0.0908141
0.083329
0.0760002
0.068852
0.061907
0.0551859
0.0487075
0.0424885
0.0365439
0.0308866
0.0255274
0.0204753
0.0157373
0.0113185
0.00722207
0.00344939
8.2038e-18
-0.00312824
-0.00593914
-0.00843809
-0.010632
-0.0125292
-0.0141394
-0.0154732
-0.0165427
-0.017361
-0.0179419
-0.0183001
-0.0184508
-0.0184101
-0.0181944
-0.0178202
-0.0173046
-0.0166644
-0.0159168
-0.0150785
-0.0141662
-0.0131961
-0.0121841
-0.0111454
-0.0100947
-0.00904598
-0.00801222
-0.00700571
-0.0060377
-0.00511843
-0.00425708
-0.00346168
-0.00273912
-0.00209506
-0.00153395
-0.00105898
-0.000672082
-0.000373939
-0.000163964
-4.03331e-05
-0
-3.87245e-05
-0.00015111
-0.000330647
-0.000569765
-0.000859887
-0.0011915
-0.00155421
-0.00193685
-0.00232753
-0.00271373
-0.00308241
-0.00342008
-0.00371293
-0.00394689
-0.00410778
-0.00418138
-0.00415357
-0.0040104
-0.00373823
-0.00332385
-0.00275454
-0.00201824
-0.00110356
0
0.00130204
0.00281113
0.00453471
0.00647906
0.00864914
0.0110486
0.0136796
0.0165428
0.0196374
0.0229611
0.0265097
0.0302775
0.0342572
0.0384397
0.0428143
0.0473684
0.0520878
0.0569567
0.0619578
0.0670719
0.0722785
0.0775553
0.082879
0.0882248
0.0935664
0.0988766
0.104127
0.109289
0.114331
0.119223
0.123934
0.128431
0.132682
0.136655
0.140317
0.143636
0.14658
0.149117
0.151215
0.152845
0.153977
0.154583
0.154635
0.154108
0.152977
0.151219
0.148814
0.145743
0.141989
0.137538
0.132376
0.126495
0.119888
0.112549
0.104477
0.0956729
0.0861412
0.0758882
0.064924
0.0532617
0.0409174
0.0279105
0.0142628
3.63278e-17
-0.0148496
-0.0302545
-0.0461801
-0.0625894
-0.079442
-0.0966951
-0.114303
-0.132217
-0.150387
-0.16876
-0.187281
-0.205893
-0.224538
-0.243154
-0.261679
-0.280051
-0.298206
-0.316077
-0.3336
-0.350707
-0.367333
-0.383411
-0.398876
-0.413663
-0.427704
-0.440939
-0.453303
-0.464737
-0.475181
-0.484577
-0.49287
-0.50001
-0.505944
-0.510628
-0.514016
-0.516068
-0.516747
-0.51602
-0.513858
-0.510236
-0.50513
-0.498527
-0.490413
-0.480779
-0.469624
-0.456948
-0.44276
-0.427069
-0.409893
-0.391252
-0.371173
-0.349687
-0.326831
-0.302646
-0.277176
-0.250474
-0.222594
-0.193595
-0.163543
-0.132504
-0.100553
-0.0677644
-0.034219
0
0.0348057
0.0701084
0.105815
0.141832
0.17806
0.214402
0.250755
0.287017
0.323085
0.358856
0.394224
0.429084
0.463333
0.496866
0.529581
0.561375
0.592148
0.621803
0.650243
0.677375
0.703107
0.727351
0.750025
0.771048
0.790342
0.807837
0.823465
0.837163
0.848873
0.858544
0.866126
0.871583
0.874874
0.875975
0.874859
0.871509
0.865916
0.858075
0.847989
0.835666
0.82112
0.804376
0.78546
0.764407
0.741259
0.716061
0.688871
0.659746
0.628751
0.595959
0.561447
0.525297
0.487598
0.44844
0.407921
0.366143
0.323213
0.279239
0.234333
0.188612
0.142196
0.0952066
0.047766
1.19469e-16
-0.0479644
-0.0959994
-0.143976
-0.191767
-0.239243
-0.286276
-0.332738
-0.378503
-0.423449
-0.467452
-0.510392
-0.552152
-0.592618
-0.631681
-0.669233
-0.705172
-0.739398
-0.77182
-0.802349
-0.830901
-0.857399
-0.88177
-0.903951
-0.92388
-0.941503
-0.956776
-0.969656
-0.980112
-0.988117
-0.99365
-0.996698
-0.997259
-0.995331
-0.990925
-0.984056
-0.974744
-0.963022
-0.948924
-0.932494
-0.913781
-0.89284
-0.869733
-0.844529
-0.8173
-0.788125
-0.757089
-0.724282
-0.689798
-0.653735
-0.616194
-0.577285
-0.537115
-0.495799
-0.453452
-0.410191
-0.366137
-0.321414
-0.276143
-0.230449
-0.184456
-0.138291
-0.092077
-0.045939
0
0.0456178
0.090794
0.13541
0.179351
0.222502
0.264754
0.306
0.346135
0.385061
0.422684
0.458911
0.493656
0.526839
0.558385
0.588221
0.616283
0.642512
0.666853
0.68926
0.70969
0.728107
0.744482
0.758792
0.771021
0.781156
0.789193
0.795135
0.798987
0.800766
0.800488
0.798179
0.793872
0.787601
0.779411
0.769346
0.757458
0.743805
0.728449
0.711453
0.692889
0.672828
0.651348
0.62853
0.604455
0.57921
0.552881
0.525561
0.497339
0.46831
0.438566
0.408205
0.37732
0.346008
0.314364
0.282483
0.250459
0.218387
0.186357
0.154461
0.122786
0.0914201
0.0604467
0.0299471
7.39601e-17
-0.0293188
-0.0579369
-0.0857852
-0.112799
-0.138916
-0.164079
-0.188234
-0.211331
-0.233326
-0.254178
-0.273849
-0.292307
-0.309526
-0.325481
-0.340155
-0.353533
-0.365604
-0.376364
-0.385813
-0.393952
-0.40079
-0.406337
-0.410609
-0.413626
-0.41541
-0.415988
-0.41539
-0.413649
-0.4108
-0.406883
-0.40194
-0.396014
-0.389152
-0.381402
-0.372814
-0.36344
-0.353333
-0.342548
-0.33114
-0.319165
-0.306679
-0.293738
-0.280402
-0.266724
-0.252763
-0.238573
-0.224211
-0.20973
-0.195182
-0.180621
-0.166097
-0.151657
-0.13735
-0.123219
-0.109309
-0.0956599
-0.0823107
-0.0692976
-0.0566544
-0.0444128
-0.0326015
-0.0212471
-0.0103729
0
0.00985332
0.0191714
0.0279413
0.0361528
0.0437982
0.0508725
0.0573729
0.0632993
0.0686544
0.0734426
0.0776707
0.0813478
0.0844849
0.0870951
0.0891932
0.0907956
0.0919202
0.0925867
0.092816
0.0926298
0.0920512
0.091104
0.089813
0.0882034
0.0863007
0.084131
0.0817206
0.0790956
0.0762823
0.0733064
0.0701937
0.0669692
0.0636575
0.0602825
0.056867
0.0534333
0.0500026
0.0465949
0.0432291
0.039923
0.0366928
0.0335536
0.0305193
0.0276019
0.0248123
0.0221597
0.0196522
0.017296
0.0150959
0.0130555
0.0111766
0.00945986
0.00790445
0.00650819
0.00526767
0.00417824
0.00323411
0.0024284
0.00175322
0.00119977
0.000758415
0.000418781
0.000169834
3.34942e-19
-0.000102747
-0.000150778
-0.000156706
-0.000133283
-9.3291e-05
-4.94388e-05
-1.42581e-05
-5.95041e-10
-1.85366e-05
-8.12573e-05
-0.000198979
-0.000381852
-0.000639272
-0.000979799
-0.00141108
-0.00193977
-0.00257147
-0.00331067
-0.00416069
-0.00512365
-0.00620038
-0.00739045
-0.00869212
-0.0101023
-0.0116166
-0.0132293
-0.0149333
-0.0167201
-0.0185803
-0.0205026
-0.0224752
-0.0244845
-0.0265163
-0.028555
-0.0305841
-0.0325863
-0.0345435
-0.0364367
-0.0382464
-0.0399526
-0.0415347
-0.0429721
-0.0442437
-0.0453284
-0.0462053
-0.0468535
-0.0472525
-0.0473823
-0.0472231
-0.0467562
-0.0459636
-0.0448279
-0.0433333
-0.0414647
-0.0392086
-0.0365527
-0.0334866
-0.0300009
-0.0260884
-0.0217437
-0.016963
-0.0117449
-0.00608975
0
0.00651956
0.013462
0.020818
0.0285764
0.0367232
0.0452424
0.0541154
0.0633218
0.0728386
0.0826406
0.0927005
0.102989
0.113474
0.124122
0.134899
0.145766
0.156685
0.167615
0.178515
0.189341
0.200049
0.210594
0.220929
0.231007
0.240781
0.250203
0.259225
0.267799
0.275879
0.283415
0.290362
0.296674
0.302306
0.307215
0.311358
0.314695
0.317186
0.318796
0.319489
0.319234
0.318
0.315761
0.312493
0.308173
0.302785
0.296313
0.288747
0.280079
0.270304
0.259422
0.247437
0.234356
0.220191
0.204956
0.188671
0.171359
0.153048
0.133769
0.113556
0.0924494
0.0704919
0.0477305
0.0242151
6.12385e-17
-0.0248574
-0.0502963
-0.0762526
-0.10266
-0.129448
-0.156545
-0.183875
-0.211361
-0.238926
-0.266487
-0.293962
-0.321268
-0.34832
-0.375032
-0.40132
-0.427096
-0.452275
-0.476771
-0.5005
-0.523376
-0.545318
-0.566243
-0.586074
-0.604732
-0.622142
-0.638233
-0.652935
-0.666181
-0.677909
-0.688061
-0.696579
-0.703416
-0.708522
-0.711858
-0.713386
-0.713072
-0.710891
-0.70682
-0.700844
-0.692952
-0.683137
-0.671401
-0.657751
-0.642197
-0.624759
-0.605458
-0.584326
-0.561397
-0.536713
-0.51032
-0.482271
-0.452624
-0.421441
-0.388792
-0.354748
-0.319389
-0.282799
-0.245063
-0.206274
-0.166527
-0.125922
-0.0845618
-0.0425514
